-29554390.47021
-1120915234.66506
-13128513.78657
-13189920.73510
-12952754.57892
-12602771.41148
-12272543.02901
-11990165.43212
-11744918.22038
-11517889.04714
-11316948.75583
-11125695.88729
-10949386.53931
-10778028.27643
-10617574.06888
-10461560.18786
-10311844.63193
-10166012.88740
-10024817.74508
-9885099.16230
-9750529.85383
-9615670.37488
-9485638.40253
-9354839.15911
-9228518.65119
-9101012.54148
-8978036.95723
-8853301.82768
-8733177.94075
-8611248.19723
-8493116.25541
-8374841.13915
-8258532.79999
-8142811.26712
-8027573.75738
-7912644.42308
-7796917.79297
-7677219.91741
-7545154.74900
-7381673.71989
-7198466.86832
-7054613.56161
