-513346.96007
-797877209.17233
-824000.10558
-672534.43954
-557772.84190
-490378.84779
-461634.87105
-451145.33534
-447649.28819
-448608.24977
-446855.00414
-445647.26344
-444752.98313
-443983.69458
-443305.86155
-442704.82752
-442149.40660
-441641.76663
-441184.33657
-440763.80586
-440378.71299
-440015.63751
-439665.76067
-439332.70655
-439013.02882
-438711.40263
-438415.83781
-438124.50985
-437838.83998
-437574.79220
-437323.22827
-437072.41584
-436830.67150
-436601.64274
-436388.59632
-436183.99711
-435994.66622
-435822.52448
-435656.50524
-435500.69726
-435352.96494
-435214.39602
-435080.48926
-434949.67631
-434826.81040
-434710.45597
-434601.43194
-434493.71251
-434382.54902
-434277.37189
-434180.75100
-434091.08436
-434004.00611
-433921.22746
-433844.02248
-433772.70796
-433704.34928
-433637.35103
-433571.42554
-433511.81997
-433455.90253
-433401.70204
-433351.58916
-433304.54257
-433261.46954
-433220.48653
-433184.85994
-433151.40871
-433118.33920
-433084.81501
-433050.69132
-433019.38595
-432990.07048
-432961.41454
-432933.12970
-432905.39701
-432877.66154
-432850.55768
-432823.90707
-432798.13159
-432774.91378
-432752.51070
-432729.76096
-432708.50382
-432687.44933
-432667.42271
-432647.20834
-432626.96110
-432606.49626
-432585.77310
-432564.90219
-432543.22039
-432521.71095
-432500.10624
-432479.07692
-432460.39159
-432443.87896
-432427.81994
-432412.53828
-432397.99273
-432383.90147
-432369.81839
-432356.15561
-432342.97979
-432331.42617
-432320.59475
-432310.22653
-432300.99164
-432292.29048
-432283.00932
-432273.19812
-432262.67233
-432251.60395
-432241.48792
-432232.39454
-432223.39836
-432215.22145
-432207.25688
-432199.26492
-432191.89107
-432185.55741
-432179.32935
-432173.68959
-432169.09820
-432164.74777
-432160.63473
-432156.28207
-432151.63195
-432146.67325
-432141.71605
-432136.46351
-432131.14481
-432125.89069
-432120.86001
-432115.73471
-432110.34317
-432105.22062
-432100.65087
-432095.89579
-432091.40351
-432087.20138
-432082.88337
-432078.66659
-432074.07077
-432069.68231
-432065.26841
-432061.18353
-432057.37035
-432053.30747
-432049.29772
-432045.13631
-432040.79269
-432036.25259
-432032.04497
-432028.10668
-432024.06415
-432019.90345
-432015.58427
-432011.50138
-432007.55929
-432003.37969
-431999.35084
-431995.21948
-431990.89887
-431986.28323
-431981.87587
-431979.45917
-431977.10963
-431974.74805
-431972.36527
-431969.95012
-431967.49130
-431964.97753
-431962.39739
-431959.73884
-431956.98840
-431954.12981
-431951.15717
-431948.65388
-431946.50941
-431944.18599
-431941.69616
-431939.46390
-431937.06177
-431934.45353
-431931.60150
-431928.75725
-431926.13752
-431923.87334
-431922.06834
-431921.24631
-431920.38600
-431919.43980
-431918.40303
-431917.27204
-431916.04242
-431914.70818
-431913.26069
-431911.68623
